0,0,6,6,6,6,6,0,0,0,0,0,6,6,6,6,6,0,0,0,0,0,6,6,6,6,6,0,0,0,0,0,6,6,6,6,6,0,0,0,0,0,6,6,6,6,6,0,0,0,0,0,6,6,6,6,6,0,0,0,0,0,6,6,6,6,6,0,0,0,0,0,6,6,6,6,6,0,0,0,0,0,6,6,6,6,6,0,0,0,0,0,6,6,6,6,6,0,0,0,0,0,6,6,6,6,6,0,0,0,0,0,6,6,6,6,6,0,0,0,0,0,6,6,6,6,6,0,0,0,0,0,6,6,6,6,6,0,0,0,0,0,6,6,6,6,6,0,0,0,0,0,6,6,6,6,6,0,0,0,0,0,6,6,6,6,6,0,0,0,0,0,6,6,6,6,6,0,0,0,0,0,6,6,6,6,6,0,0,0,0,0,6,6,6,6,6,0,0,0,0
2,7,8,9,0,1,2,3,4,5,6,7,8,9,0,1,2,3,4,5,6,7,8,9,0,1,2,3,4,5,6,7,8,9,0,1,2,3,4,5,6,7,8,9,0,1,2,3,4,5,6,7,8,9,0,1,2,3,4,5,6,7,8,9,0,1,2,3,4,5,6,7,8,9,0,1,2,3,4,5,6,7,8,9,0,1,2,3,4,5,6,7,8,9,0,1,2,3,4,5,6,7,8,9,0,1,2,3,4,5,6,7,8,9,0,1,2,3,4,5,6,7,8,9,0,1,2,3,4,5,6,7,8,9,0,1,2,3,4,5,6,7,8,9,0,1,2,3,4,5,6,7,8,9,0,1,2,3,4,5,6,7,8,9,0,1,2,3,4,5,6,7,8,9,0,1,2,3,4,5,6,7,8,9,0,1,2,3,4,5,6,7,8,9,0,1,2,3,4,5,6
2,3,4,5,6,7,8,9,0,1,2,3,4,5,6,7,8,9,0,1,2,3,4,5,6,7,8,9,0,1,2,3,4,5,6,7,8,9,0,1,2,3,4,5,6,7,8,9,0,1,2,3,4,5,6,7,8,9,0,1,2,3,4,5,6,7,8,9,0,1,2,3,4,5,6,7,8,9,0,1,2,3,4,5,6,7,8,9,0,1,2,3,4,5,6,7,8,9,0,1,2,3,4,5,6,7,8,9,0,1,2,3,4,5,6,7,8,9,0,1,2,3,4,5,6,7,8,9,0,1,2,3,4,5,6,7,8,9,0,1,2,3,4,5,6,7,8,9,0,1,2,3,4,5,6,7,8,9,0,1,2,3,4,5,6,7,8,9,0,1,2,3,4,5,6,7,8,9,0,1,2,3,4,5,6,7,8,9,0,1,2,3,4,5,6,7,8,9,0,1,2
2,8,9,0,1,2,3,4,5,6,7,8,9,0,1,2,3,4,5,6,7,8,9,0,1,2,3,4,5,6,7,8,9,0,1,2,3,4,5,6,7,8,9,0,1,2,3,4,5,6,7,8,9,0,1,2,3,4,5,6,7,8,9,0,1,2,3,4,5,6,7,8,9,0,1,2,3,4,5,6,7,8,9,0,1,2,3,4,5,6,7,8,9,0,1,2,3,4,5,6,7,8,9,0,1,2,3,4,5,6,7,8,9,0,1,2,3,4,5,6,7,8,9,0,1,2,3,4,5,6,7,8,9,0,1,2,3,4,5,6,7,8,9,0,1,2,3,4,5,6,7,8,9,0,1,2,3,4,5,6,7,8,9,0,1,2,3,4,5,6,7,8,9,0,1,2,3,4,5,6,7,8,9,0,1,2,3,4,5,6,7,8,9,0,1,2,3,4,5,6,7
1,5.36,-3.04,-0.27,3.48,-5.58,5.88,-4.29,1.32,2.08,-4.81,5.99,-5.24,2.81,0.53,-3.7,5.67,-5.82,4.1,-1.06,-2.33,4.96,-6,5.11,-2.57,-0.79,3.9,-5.75,5.75,-3.9,0.79,2.57,-5.11,6,-4.96,2.33,1.06,-4.1,5.82,-5.67,3.7,-0.53,-2.81,5.24,-5.99,4.81,-2.08,-1.32,4.29,-5.88,5.58,-3.48,0.27,3.04,-5.36,5.96,-4.64,1.83,1.57,-4.47,5.93,-5.48,3.26,0,-3.26,5.48,-5.93,4.47,-1.57,-1.83,4.64,-5.96,5.36,-3.04,-0.27,3.48,-5.58,5.88,-4.29,1.32,2.08,-4.81,5.99,-5.24,2.81,0.53,-3.7,5.67,-5.82,4.1,-1.06,-2.33,4.96,-6,5.11,-2.57,-0.79,3.9,-5.75,5.75,-3.9,0.79,2.57,-5.11,6,-4.96,2.33,1.06,-4.1,5.82,-5.67,3.7,-0.53,-2.81,5.24,-5.99,4.81,-2.08,-1.32,4.29,-5.88,5.58,-3.48,0.26,3.04,-5.36,5.96,-4.64,1.83,1.57,-4.47,5.93,-5.48,3.26,0,-3.26,5.48,-5.93,4.47,-1.57,-1.83,4.64,-5.96,5.36,-3.04,-0.27,3.48,-5.58,5.88,-4.29,1.32,2.08,-4.81,5.99,-5.24,2.81,0.53,-3.7,5.67,-5.82,4.1,-1.06,-2.33,4.96,-6,5.1,-2.57,-0.8,3.9,-5.75,5.75,-3.9,0.79,2.57,-5.11,6,-4.96,2.33,1.06,-4.1,5.82,-5.67,3.7,-0.53,-2.81,5.24,-5.99,4.81,-2.08,-1.32,4.29,-5.88,5.58,-3.48,0.26,3.04,-5.36,5.96,-4.64,1.83,1.58
2,8,9,0,1,2,3,4,5,6,7,8,9,0,1,2,3,4,5,6,7,8,9,0,1,2,3,4,5,6,7,8,9,0,1,2,3,4,5,6,7,8,9,0,1,2,3,4,5,6,7,8,9,0,1,2,3,4,5,6,7,8,9,0,1,2,3,4,5,6,7,8,9,0,1,2,3,4,5,6,7,8,9,0,1,2,3,4,5,6,7,8,9,0,1,2,3,4,5,6,7,8,9,0,1,2,3,4,5,6,7,8,9,0,1,2,3,4,5,6,7,8,9,0,1,2,3,4,5,6,7,8,9,0,1,2,3,4,5,6,7,8,9,0,1,2,3,4,5,6,7,8,9,0,1,2,3,4,5,6,7,8,9,0,1,2,3,4,5,6,7,8,9,0,1,2,3,4,5,6,7,8,9,0,1,2,3,4,5,6,7,8,9,0,1,2,3,4,5,6,7
0,0,0,0,6,6,6,6,6,0,0,0,0,0,6,6,6,6,6,0,0,0,0,0,6,6,6,6,6,0,0,0,0,0,6,6,6,6,6,0,0,0,0,0,6,6,6,6,6,0,0,0,0,0,6,6,6,6,6,0,0,0,0,0,6,6,6,6,6,0,0,0,0,0,6,6,6,6,6,0,0,0,0,0,6,6,6,6,6,0,0,0,0,0,6,6,6,6,6,0,0,0,0,0,6,6,6,6,6,0,0,0,0,0,6,6,6,6,6,0,0,0,0,0,6,6,6,6,6,0,0,0,0,0,6,6,6,6,6,0,0,0,0,0,6,6,6,6,6,0,0,0,0,0,6,6,6,6,6,0,0,0,0,0,6,6,6,6,6,0,0,0,0,0,6,6,6,6,6,0,0,0,0,0,6,6,6,6,6,0,0,0,0,0,6,6,6,6,6,0,0
2,1,2,3,4,5,6,7,8,9,0,1,2,3,4,5,6,7,8,9,0,1,2,3,4,5,6,7,8,9,0,1,2,3,4,5,6,7,8,9,0,1,2,3,4,5,6,7,8,9,0,1,2,3,4,5,6,7,8,9,0,1,2,3,4,5,6,7,8,9,0,1,2,3,4,5,6,7,8,9,0,1,2,3,4,5,6,7,8,9,0,1,2,3,4,5,6,7,8,9,0,1,2,3,4,5,6,7,8,9,0,1,2,3,4,5,6,7,8,9,0,1,2,3,4,5,6,7,8,9,0,1,2,3,4,5,6,7,8,9,0,1,2,3,4,5,6,7,8,9,0,1,2,3,4,5,6,7,8,9,0,1,2,3,4,5,6,7,8,9,0,1,2,3,4,5,6,7,8,9,0,1,2,3,4,5,6,7,8,9,0,1,2,3,4,5,6,7,8,9,0
0,6,0,0,0,0,0,6,6,6,6,6,0,0,0,0,0,6,6,6,6,6,0,0,0,0,0,6,6,6,6,6,0,0,0,0,0,6,6,6,6,6,0,0,0,0,0,6,6,6,6,6,0,0,0,0,0,6,6,6,6,6,0,0,0,0,0,6,6,6,6,6,0,0,0,0,0,6,6,6,6,6,0,0,0,0,0,6,6,6,6,6,0,0,0,0,0,6,6,6,6,6,0,0,0,0,0,6,6,6,6,6,0,0,0,0,0,6,6,6,6,6,0,0,0,0,0,6,6,6,6,6,0,0,0,0,0,6,6,6,6,6,0,0,0,0,0,6,6,6,6,6,0,0,0,0,0,6,6,6,6,6,0,0,0,0,0,6,6,6,6,6,0,0,0,0,0,6,6,6,6,6,0,0,0,0,0,6,6,6,6,6,0,0,0,0,0,6,6,6,6
0,6,6,6,6,0,0,0,0,0,6,6,6,6,6,0,0,0,0,0,6,6,6,6,6,0,0,0,0,0,6,6,6,6,6,0,0,0,0,0,6,6,6,6,6,0,0,0,0,0,6,6,6,6,6,0,0,0,0,0,6,6,6,6,6,0,0,0,0,0,6,6,6,6,6,0,0,0,0,0,6,6,6,6,6,0,0,0,0,0,6,6,6,6,6,0,0,0,0,0,6,6,6,6,6,0,0,0,0,0,6,6,6,6,6,0,0,0,0,0,6,6,6,6,6,0,0,0,0,0,6,6,6,6,6,0,0,0,0,0,6,6,6,6,6,0,0,0,0,0,6,6,6,6,6,0,0,0,0,0,6,6,6,6,6,0,0,0,0,0,6,6,6,6,6,0,0,0,0,0,6,6,6,6,6,0,0,0,0,0,6,6,6,6,6,0,0,0,0,0,6
1,-3.26,5.48,-5.93,4.47,-1.57,-1.83,4.64,-5.96,5.36,-3.04,-0.27,3.48,-5.58,5.88,-4.29,1.32,2.08,-4.81,5.99,-5.24,2.81,0.53,-3.7,5.67,-5.82,4.1,-1.06,-2.33,4.96,-6,5.11,-2.57,-0.79,3.9,-5.75,5.75,-3.9,0.79,2.57,-5.11,6,-4.96,2.33,1.06,-4.1,5.82,-5.67,3.7,-0.53,-2.81,5.24,-5.99,4.81,-2.08,-1.32,4.29,-5.88,5.58,-3.48,0.26,3.04,-5.36,5.96,-4.64,1.83,1.57,-4.47,5.93,-5.48,3.26,0,-3.26,5.48,-5.93,4.47,-1.57,-1.83,4.64,-5.96,5.36,-3.04,-0.27,3.48,-5.58,5.88,-4.29,1.32,2.08,-4.81,5.99,-5.24,2.81,0.53,-3.7,5.67,-5.82,4.1,-1.06,-2.33,4.96,-6,5.1,-2.57,-0.8,3.9,-5.75,5.75,-3.9,0.79,2.57,-5.11,6,-4.96,2.33,1.06,-4.1,5.82,-5.67,3.7,-0.53,-2.81,5.24,-5.99,4.81,-2.08,-1.32,4.29,-5.88,5.58,-3.48,0.26,3.04,-5.36,5.96,-4.64,1.83,1.58,-4.47,5.93,-5.48,3.26,0,-3.27,5.48,-5.93,4.47,-1.57,-1.83,4.64,-5.96,5.36,-3.04,-0.27,3.48,-5.58,5.88,-4.29,1.32,2.08,-4.81,5.99,-5.24,2.81,0.53,-3.7,5.67,-5.82,4.1,-1.06,-2.33,4.96,-6,5.1,-2.57,-0.8,3.9,-5.75,5.75,-3.9,0.79,2.57,-5.11,6,-4.96,2.33,1.06,-4.1,5.82,-5.67,3.7,-0.53,-2.81,5.24,-5.99,4.81,-2.08,-1.32,4.29,-5.88,5.58
2,0,1,2,3,4,5,6,7,8,9,0,1,2,3,4,5,6,7,8,9,0,1,2,3,4,5,6,7,8,9,0,1,2,3,4,5,6,7,8,9,0,1,2,3,4,5,6,7,8,9,0,1,2,3,4,5,6,7,8,9,0,1,2,3,4,5,6,7,8,9,0,1,2,3,4,5,6,7,8,9,0,1,2,3,4,5,6,7,8,9,0,1,2,3,4,5,6,7,8,9,0,1,2,3,4,5,6,7,8,9,0,1,2,3,4,5,6,7,8,9,0,1,2,3,4,5,6,7,8,9,0,1,2,3,4,5,6,7,8,9,0,1,2,3,4,5,6,7,8,9,0,1,2,3,4,5,6,7,8,9,0,1,2,3,4,5,6,7,8,9,0,1,2,3,4,5,6,7,8,9,0,1,2,3,4,5,6,7,8,9,0,1,2,3,4,5,6,7,8,9
1,5.88,-4.29,1.32,2.08,-4.81,5.99,-5.24,2.81,0.53,-3.7,5.67,-5.82,4.1,-1.06,-2.33,4.96,-6,5.11,-2.57,-0.79,3.9,-5.75,5.75,-3.9,0.79,2.57,-5.11,6,-4.96,2.33,1.06,-4.1,5.82,-5.67,3.7,-0.53,-2.81,5.24,-5.99,4.81,-2.08,-1.32,4.29,-5.88,5.58,-3.48,0.26,3.04,-5.36,5.96,-4.64,1.83,1.57,-4.47,5.93,-5.48,3.26,0,-3.26,5.48,-5.93,4.47,-1.57,-1.83,4.64,-5.96,5.36,-3.04,-0.27,3.48,-5.58,5.88,-4.29,1.32,2.08,-4.81,5.99,-5.24,2.81,0.53,-3.7,5.67,-5.82,4.1,-1.06,-2.33,4.96,-6,5.1,-2.57,-0.8,3.9,-5.75,5.75,-3.9,0.79,2.57,-5.11,6,-4.96,2.33,1.06,-4.1,5.82,-5.67,3.7,-0.53,-2.81,5.24,-5.99,4.81,-2.08,-1.32,4.29,-5.88,5.58,-3.48,0.26,3.04,-5.36,5.96,-4.64,1.83,1.58,-4.47,5.93,-5.48,3.26,0,-3.27,5.48,-5.93,4.47,-1.57,-1.83,4.64,-5.96,5.36,-3.04,-0.27,3.48,-5.58,5.88,-4.29,1.32,2.08,-4.81,5.99,-5.24,2.81,0.53,-3.7,5.67,-5.82,4.1,-1.06,-2.33,4.96,-6,5.1,-2.57,-0.8,3.9,-5.75,5.75,-3.9,0.79,2.57,-5.11,6,-4.96,2.33,1.06,-4.1,5.82,-5.67,3.7,-0.53,-2.81,5.24,-5.99,4.81,-2.08,-1.32,4.29,-5.88,5.58,-3.48,0.26,3.04,-5.36,5.96,-4.64,1.83,1.58,-4.47,5.93,-5.48,3.26,0
2,5,6,7,8,9,0,1,2,3,4,5,6,7,8,9,0,1,2,3,4,5,6,7,8,9,0,1,2,3,4,5,6,7,8,9,0,1,2,3,4,5,6,7,8,9,0,1,2,3,4,5,6,7,8,9,0,1,2,3,4,5,6,7,8,9,0,1,2,3,4,5,6,7,8,9,0,1,2,3,4,5,6,7,8,9,0,1,2,3,4,5,6,7,8,9,0,1,2,3,4,5,6,7,8,9,0,1,2,3,4,5,6,7,8,9,0,1,2,3,4,5,6,7,8,9,0,1,2,3,4,5,6,7,8,9,0,1,2,3,4,5,6,7,8,9,0,1,2,3,4,5,6,7,8,9,0,1,2,3,4,5,6,7,8,9,0,1,2,3,4,5,6,7,8,9,0,1,2,3,4,5,6,7,8,9,0,1,2,3,4,5,6,7,8,9,0,1,2,3,4
2,3,4,5,6,7,8,9,0,1,2,3,4,5,6,7,8,9,0,1,2,3,4,5,6,7,8,9,0,1,2,3,4,5,6,7,8,9,0,1,2,3,4,5,6,7,8,9,0,1,2,3,4,5,6,7,8,9,0,1,2,3,4,5,6,7,8,9,0,1,2,3,4,5,6,7,8,9,0,1,2,3,4,5,6,7,8,9,0,1,2,3,4,5,6,7,8,9,0,1,2,3,4,5,6,7,8,9,0,1,2,3,4,5,6,7,8,9,0,1,2,3,4,5,6,7,8,9,0,1,2,3,4,5,6,7,8,9,0,1,2,3,4,5,6,7,8,9,0,1,2,3,4,5,6,7,8,9,0,1,2,3,4,5,6,7,8,9,0,1,2,3,4,5,6,7,8,9,0,1,2,3,4,5,6,7,8,9,0,1,2,3,4,5,6,7,8,9,0,1,2
2,2,3,4,5,6,7,8,9,0,1,2,3,4,5,6,7,8,9,0,1,2,3,4,5,6,7,8,9,0,1,2,3,4,5,6,7,8,9,0,1,2,3,4,5,6,7,8,9,0,1,2,3,4,5,6,7,8,9,0,1,2,3,4,5,6,7,8,9,0,1,2,3,4,5,6,7,8,9,0,1,2,3,4,5,6,7,8,9,0,1,2,3,4,5,6,7,8,9,0,1,2,3,4,5,6,7,8,9,0,1,2,3,4,5,6,7,8,9,0,1,2,3,4,5,6,7,8,9,0,1,2,3,4,5,6,7,8,9,0,1,2,3,4,5,6,7,8,9,0,1,2,3,4,5,6,7,8,9,0,1,2,3,4,5,6,7,8,9,0,1,2,3,4,5,6,7,8,9,0,1,2,3,4,5,6,7,8,9,0,1,2,3,4,5,6,7,8,9,0,1
0,6,6,0,0,0,0,0,6,6,6,6,6,0,0,0,0,0,6,6,6,6,6,0,0,0,0,0,6,6,6,6,6,0,0,0,0,0,6,6,6,6,6,0,0,0,0,0,6,6,6,6,6,0,0,0,0,0,6,6,6,6,6,0,0,0,0,0,6,6,6,6,6,0,0,0,0,0,6,6,6,6,6,0,0,0,0,0,6,6,6,6,6,0,0,0,0,0,6,6,6,6,6,0,0,0,0,0,6,6,6,6,6,0,0,0,0,0,6,6,6,6,6,0,0,0,0,0,6,6,6,6,6,0,0,0,0,0,6,6,6,6,6,0,0,0,0,0,6,6,6,6,6,0,0,0,0,0,6,6,6,6,6,0,0,0,0,0,6,6,6,6,6,0,0,0,0,0,6,6,6,6,6,0,0,0,0,0,6,6,6,6,6,0,0,0,0,0,6,6,6
0,0,6,6,6,6,6,0,0,0,0,0,6,6,6,6,6,0,0,0,0,0,6,6,6,6,6,0,0,0,0,0,6,6,6,6,6,0,0,0,0,0,6,6,6,6,6,0,0,0,0,0,6,6,6,6,6,0,0,0,0,0,6,6,6,6,6,0,0,0,0,0,6,6,6,6,6,0,0,0,0,0,6,6,6,6,6,0,0,0,0,0,6,6,6,6,6,0,0,0,0,0,6,6,6,6,6,0,0,0,0,0,6,6,6,6,6,0,0,0,0,0,6,6,6,6,6,0,0,0,0,0,6,6,6,6,6,0,0,0,0,0,6,6,6,6,6,0,0,0,0,0,6,6,6,6,6,0,0,0,0,0,6,6,6,6,6,0,0,0,0,0,6,6,6,6,6,0,0,0,0,0,6,6,6,6,6,0,0,0,0,0,6,6,6,6,6,0,0,0,0
1,-5.36,5.96,-4.64,1.83,1.57,-4.47,5.93,-5.48,3.26,0,-3.26,5.48,-5.93,4.47,-1.57,-1.83,4.64,-5.96,5.36,-3.04,-0.27,3.48,-5.58,5.88,-4.29,1.32,2.08,-4.81,5.99,-5.24,2.81,0.53,-3.7,5.67,-5.82,4.1,-1.06,-2.33,4.96,-6,5.11,-2.57,-0.79,3.9,-5.75,5.75,-3.9,0.79,2.57,-5.11,6,-4.96,2.33,1.06,-4.1,5.82,-5.67,3.7,-0.53,-2.81,5.24,-5.99,4.81,-2.08,-1.32,4.29,-5.88,5.58,-3.48,0.26,3.04,-5.36,5.96,-4.64,1.83,1.57,-4.47,5.93,-5.48,3.26,0,-3.26,5.48,-5.93,4.47,-1.57,-1.83,4.64,-5.96,5.36,-3.04,-0.27,3.48,-5.58,5.88,-4.29,1.32,2.08,-4.81,5.99,-5.24,2.81,0.53,-3.7,5.67,-5.82,4.1,-1.06,-2.33,4.96,-6,5.1,-2.57,-0.8,3.9,-5.75,5.75,-3.9,0.79,2.57,-5.11,6,-4.96,2.33,1.06,-4.1,5.82,-5.67,3.7,-0.53,-2.81,5.24,-5.99,4.81,-2.08,-1.32,4.29,-5.88,5.58,-3.48,0.26,3.04,-5.36,5.96,-4.64,1.83,1.58,-4.47,5.93,-5.48,3.26,0,-3.27,5.48,-5.93,4.47,-1.57,-1.83,4.64,-5.96,5.36,-3.04,-0.27,3.48,-5.58,5.88,-4.29,1.32,2.08,-4.81,5.99,-5.24,2.81,0.53,-3.7,5.67,-5.82,4.1,-1.06,-2.33,4.96,-6,5.1,-2.57,-0.8,3.9,-5.75,5.75,-3.9,0.79,2.57,-5.11,6,-4.96,2.33,1.06,-4.1,5.82,-5.67,3.7
1,3.04,-5.36,5.96,-4.64,1.83,1.57,-4.47,5.93,-5.48,3.26,0,-3.26,5.48,-5.93,4.47,-1.57,-1.83,4.64,-5.96,5.36,-3.04,-0.27,3.48,-5.58,5.88,-4.29,1.32,2.08,-4.81,5.99,-5.24,2.81,0.53,-3.7,5.67,-5.82,4.1,-1.06,-2.33,4.96,-6,5.11,-2.57,-0.79,3.9,-5.75,5.75,-3.9,0.79,2.57,-5.11,6,-4.96,2.33,1.06,-4.1,5.82,-5.67,3.7,-0.53,-2.81,5.24,-5.99,4.81,-2.08,-1.32,4.29,-5.88,5.58,-3.48,0.26,3.04,-5.36,5.96,-4.64,1.83,1.57,-4.47,5.93,-5.48,3.26,0,-3.26,5.48,-5.93,4.47,-1.57,-1.83,4.64,-5.96,5.36,-3.04,-0.27,3.48,-5.58,5.88,-4.29,1.32,2.08,-4.81,5.99,-5.24,2.81,0.53,-3.7,5.67,-5.82,4.1,-1.06,-2.33,4.96,-6,5.1,-2.57,-0.8,3.9,-5.75,5.75,-3.9,0.79,2.57,-5.11,6,-4.96,2.33,1.06,-4.1,5.82,-5.67,3.7,-0.53,-2.81,5.24,-5.99,4.81,-2.08,-1.32,4.29,-5.88,5.58,-3.48,0.26,3.04,-5.36,5.96,-4.64,1.83,1.58,-4.47,5.93,-5.48,3.26,0,-3.27,5.48,-5.93,4.47,-1.57,-1.83,4.64,-5.96,5.36,-3.04,-0.27,3.48,-5.58,5.88,-4.29,1.32,2.08,-4.81,5.99,-5.24,2.81,0.53,-3.7,5.67,-5.82,4.1,-1.06,-2.33,4.96,-6,5.1,-2.57,-0.8,3.9,-5.75,5.75,-3.9,0.79,2.57,-5.11,6,-4.96,2.33,1.06,-4.1,5.82,-5.67
0,0,0,0,0,6,6,6,6,6,0,0,0,0,0,6,6,6,6,6,0,0,0,0,0,6,6,6,6,6,0,0,0,0,0,6,6,6,6,6,0,0,0,0,0,6,6,6,6,6,0,0,0,0,0,6,6,6,6,6,0,0,0,0,0,6,6,6,6,6,0,0,0,0,0,6,6,6,6,6,0,0,0,0,0,6,6,6,6,6,0,0,0,0,0,6,6,6,6,6,0,0,0,0,0,6,6,6,6,6,0,0,0,0,0,6,6,6,6,6,0,0,0,0,0,6,6,6,6,6,0,0,0,0,0,6,6,6,6,6,0,0,0,0,0,6,6,6,6,6,0,0,0,0,0,6,6,6,6,6,0,0,0,0,0,6,6,6,6,6,0,0,0,0,0,6,6,6,6,6,0,0,0,0,0,6,6,6,6,6,0,0,0,0,0,6,6,6,6,6,0
0,0,0,0,0,0,6,6,6,6,6,0,0,0,0,0,6,6,6,6,6,0,0,0,0,0,6,6,6,6,6,0,0,0,0,0,6,6,6,6,6,0,0,0,0,0,6,6,6,6,6,0,0,0,0,0,6,6,6,6,6,0,0,0,0,0,6,6,6,6,6,0,0,0,0,0,6,6,6,6,6,0,0,0,0,0,6,6,6,6,6,0,0,0,0,0,6,6,6,6,6,0,0,0,0,0,6,6,6,6,6,0,0,0,0,0,6,6,6,6,6,0,0,0,0,0,6,6,6,6,6,0,0,0,0,0,6,6,6,6,6,0,0,0,0,0,6,6,6,6,6,0,0,0,0,0,6,6,6,6,6,0,0,0,0,0,6,6,6,6,6,0,0,0,0,0,6,6,6,6,6,0,0,0,0,0,6,6,6,6,6,0,0,0,0,0,6,6,6,6,6
0,0,0,0,6,6,6,6,6,0,0,0,0,0,6,6,6,6,6,0,0,0,0,0,6,6,6,6,6,0,0,0,0,0,6,6,6,6,6,0,0,0,0,0,6,6,6,6,6,0,0,0,0,0,6,6,6,6,6,0,0,0,0,0,6,6,6,6,6,0,0,0,0,0,6,6,6,6,6,0,0,0,0,0,6,6,6,6,6,0,0,0,0,0,6,6,6,6,6,0,0,0,0,0,6,6,6,6,6,0,0,0,0,0,6,6,6,6,6,0,0,0,0,0,6,6,6,6,6,0,0,0,0,0,6,6,6,6,6,0,0,0,0,0,6,6,6,6,6,0,0,0,0,0,6,6,6,6,6,0,0,0,0,0,6,6,6,6,6,0,0,0,0,0,6,6,6,6,6,0,0,0,0,0,6,6,6,6,6,0,0,0,0,0,6,6,6,6,6,0,0
1,-5.93,4.47,-1.57,-1.83,4.64,-5.96,5.36,-3.04,-0.27,3.48,-5.58,5.88,-4.29,1.32,2.08,-4.81,5.99,-5.24,2.81,0.53,-3.7,5.67,-5.82,4.1,-1.06,-2.33,4.96,-6,5.11,-2.57,-0.79,3.9,-5.75,5.75,-3.9,0.79,2.57,-5.11,6,-4.96,2.33,1.06,-4.1,5.82,-5.67,3.7,-0.53,-2.81,5.24,-5.99,4.81,-2.08,-1.32,4.29,-5.88,5.58,-3.48,0.27,3.04,-5.36,5.96,-4.64,1.83,1.57,-4.47,5.93,-5.48,3.26,0,-3.26,5.48,-5.93,4.47,-1.57,-1.83,4.64,-5.96,5.36,-3.04,-0.27,3.48,-5.58,5.88,-4.29,1.32,2.08,-4.81,5.99,-5.24,2.81,0.53,-3.7,5.67,-5.82,4.1,-1.06,-2.33,4.96,-6,5.11,-2.57,-0.79,3.9,-5.75,5.75,-3.9,0.79,2.57,-5.11,6,-4.96,2.33,1.06,-4.1,5.82,-5.67,3.7,-0.53,-2.81,5.24,-5.99,4.81,-2.08,-1.32,4.29,-5.88,5.58,-3.48,0.26,3.04,-5.36,5.96,-4.64,1.83,1.57,-4.47,5.93,-5.48,3.26,0,-3.26,5.48,-5.93,4.47,-1.57,-1.83,4.64,-5.96,5.36,-3.04,-0.27,3.48,-5.58,5.88,-4.29,1.32,2.08,-4.81,5.99,-5.24,2.81,0.53,-3.7,5.67,-5.82,4.1,-1.06,-2.33,4.96,-6,5.1,-2.57,-0.8,3.9,-5.75,5.75,-3.9,0.79,2.57,-5.11,6,-4.96,2.33,1.06,-4.1,5.82,-5.67,3.7,-0.53,-2.81,5.24,-5.99,4.81,-2.08,-1.32,4.29,-5.88,5.58,-3.48,0.26
0,0,0,6,6,6,6,6,0,0,0,0,0,6,6,6,6,6,0,0,0,0,0,6,6,6,6,6,0,0,0,0,0,6,6,6,6,6,0,0,0,0,0,6,6,6,6,6,0,0,0,0,0,6,6,6,6,6,0,0,0,0,0,6,6,6,6,6,0,0,0,0,0,6,6,6,6,6,0,0,0,0,0,6,6,6,6,6,0,0,0,0,0,6,6,6,6,6,0,0,0,0,0,6,6,6,6,6,0,0,0,0,0,6,6,6,6,6,0,0,0,0,0,6,6,6,6,6,0,0,0,0,0,6,6,6,6,6,0,0,0,0,0,6,6,6,6,6,0,0,0,0,0,6,6,6,6,6,0,0,0,0,0,6,6,6,6,6,0,0,0,0,0,6,6,6,6,6,0,0,0,0,0,6,6,6,6,6,0,0,0,0,0,6,6,6,6,6,0,0,0
1,0.79,2.57,-5.11,6,-4.96,2.33,1.06,-4.1,5.82,-5.67,3.7,-0.53,-2.81,5.24,-5.99,4.81,-2.08,-1.32,4.29,-5.88,5.58,-3.48,0.27,3.04,-5.36,5.96,-4.64,1.83,1.57,-4.47,5.93,-5.48,3.26,0,-3.26,5.48,-5.93,4.47,-1.57,-1.83,4.64,-5.96,5.36,-3.04,-0.27,3.48,-5.58,5.88,-4.29,1.32,2.08,-4.81,5.99,-5.24,2.81,0.53,-3.7,5.67,-5.82,4.1,-1.06,-2.33,4.96,-6,5.11,-2.57,-0.79,3.9,-5.75,5.75,-3.9,0.79,2.57,-5.11,6,-4.96,2.33,1.06,-4.1,5.82,-5.67,3.7,-0.53,-2.81,5.24,-5.99,4.81,-2.08,-1.32,4.29,-5.88,5.58,-3.48,0.26,3.04,-5.36,5.96,-4.64,1.83,1.57,-4.47,5.93,-5.48,3.26,0,-3.26,5.48,-5.93,4.47,-1.57,-1.83,4.64,-5.96,5.36,-3.04,-0.27,3.48,-5.58,5.88,-4.29,1.32,2.08,-4.81,5.99,-5.24,2.81,0.53,-3.7,5.67,-5.82,4.1,-1.06,-2.33,4.96,-6,5.1,-2.57,-0.8,3.9,-5.75,5.75,-3.9,0.79,2.57,-5.11,6,-4.96,2.33,1.06,-4.1,5.82,-5.67,3.7,-0.53,-2.81,5.24,-5.99,4.81,-2.08,-1.32,4.29,-5.88,5.58,-3.48,0.26,3.04,-5.36,5.96,-4.64,1.83,1.58,-4.47,5.93,-5.48,3.26,0,-3.27,5.48,-5.93,4.47,-1.57,-1.83,4.64,-5.96,5.36,-3.04,-0.27,3.48,-5.58,5.88,-4.29,1.32,2.08,-4.81,5.99,-5.24,2.81,0.53,-3.7,5.67
0,0,0,0,0,6,6,6,6,6,0,0,0,0,0,6,6,6,6,6,0,0,0,0,0,6,6,6,6,6,0,0,0,0,0,6,6,6,6,6,0,0,0,0,0,6,6,6,6,6,0,0,0,0,0,6,6,6,6,6,0,0,0,0,0,6,6,6,6,6,0,0,0,0,0,6,6,6,6,6,0,0,0,0,0,6,6,6,6,6,0,0,0,0,0,6,6,6,6,6,0,0,0,0,0,6,6,6,6,6,0,0,0,0,0,6,6,6,6,6,0,0,0,0,0,6,6,6,6,6,0,0,0,0,0,6,6,6,6,6,0,0,0,0,0,6,6,6,6,6,0,0,0,0,0,6,6,6,6,6,0,0,0,0,0,6,6,6,6,6,0,0,0,0,0,6,6,6,6,6,0,0,0,0,0,6,6,6,6,6,0,0,0,0,0,6,6,6,6,6,0
0,0,0,0,6,6,6,6,6,0,0,0,0,0,6,6,6,6,6,0,0,0,0,0,6,6,6,6,6,0,0,0,0,0,6,6,6,6,6,0,0,0,0,0,6,6,6,6,6,0,0,0,0,0,6,6,6,6,6,0,0,0,0,0,6,6,6,6,6,0,0,0,0,0,6,6,6,6,6,0,0,0,0,0,6,6,6,6,6,0,0,0,0,0,6,6,6,6,6,0,0,0,0,0,6,6,6,6,6,0,0,0,0,0,6,6,6,6,6,0,0,0,0,0,6,6,6,6,6,0,0,0,0,0,6,6,6,6,6,0,0,0,0,0,6,6,6,6,6,0,0,0,0,0,6,6,6,6,6,0,0,0,0,0,6,6,6,6,6,0,0,0,0,0,6,6,6,6,6,0,0,0,0,0,6,6,6,6,6,0,0,0,0,0,6,6,6,6,6,0,0
1,-4.29,1.32,2.08,-4.81,5.99,-5.24,2.81,0.53,-3.7,5.67,-5.82,4.1,-1.06,-2.33,4.96,-6,5.11,-2.57,-0.79,3.9,-5.75,5.75,-3.9,0.79,2.57,-5.11,6,-4.96,2.33,1.06,-4.1,5.82,-5.67,3.7,-0.53,-2.81,5.24,-5.99,4.81,-2.08,-1.32,4.29,-5.88,5.58,-3.48,0.26,3.04,-5.36,5.96,-4.64,1.83,1.57,-4.47,5.93,-5.48,3.26,0,-3.26,5.48,-5.93,4.47,-1.57,-1.83,4.64,-5.96,5.36,-3.04,-0.27,3.48,-5.58,5.88,-4.29,1.32,2.08,-4.81,5.99,-5.24,2.81,0.53,-3.7,5.67,-5.82,4.1,-1.06,-2.33,4.96,-6,5.1,-2.57,-0.8,3.9,-5.75,5.75,-3.9,0.79,2.57,-5.11,6,-4.96,2.33,1.06,-4.1,5.82,-5.67,3.7,-0.53,-2.81,5.24,-5.99,4.81,-2.08,-1.32,4.29,-5.88,5.58,-3.48,0.26,3.04,-5.36,5.96,-4.64,1.83,1.58,-4.47,5.93,-5.48,3.26,0,-3.27,5.48,-5.93,4.47,-1.57,-1.83,4.64,-5.96,5.36,-3.04,-0.27,3.48,-5.58,5.88,-4.29,1.32,2.08,-4.81,5.99,-5.24,2.81,0.53,-3.7,5.67,-5.82,4.1,-1.06,-2.33,4.96,-6,5.1,-2.57,-0.8,3.9,-5.75,5.75,-3.9,0.79,2.57,-5.11,6,-4.96,2.33,1.06,-4.1,5.82,-5.67,3.7,-0.53,-2.81,5.24,-5.99,4.81,-2.08,-1.32,4.29,-5.88,5.58,-3.48,0.26,3.04,-5.36,5.96,-4.64,1.83,1.58,-4.47,5.93,-5.48,3.26,0,-3.27
0,0,0,0,0,6,6,6,6,6,0,0,0,0,0,6,6,6,6,6,0,0,0,0,0,6,6,6,6,6,0,0,0,0,0,6,6,6,6,6,0,0,0,0,0,6,6,6,6,6,0,0,0,0,0,6,6,6,6,6,0,0,0,0,0,6,6,6,6,6,0,0,0,0,0,6,6,6,6,6,0,0,0,0,0,6,6,6,6,6,0,0,0,0,0,6,6,6,6,6,0,0,0,0,0,6,6,6,6,6,0,0,0,0,0,6,6,6,6,6,0,0,0,0,0,6,6,6,6,6,0,0,0,0,0,6,6,6,6,6,0,0,0,0,0,6,6,6,6,6,0,0,0,0,0,6,6,6,6,6,0,0,0,0,0,6,6,6,6,6,0,0,0,0,0,6,6,6,6,6,0,0,0,0,0,6,6,6,6,6,0,0,0,0,0,6,6,6,6,6,0
2,1,2,3,4,5,6,7,8,9,0,1,2,3,4,5,6,7,8,9,0,1,2,3,4,5,6,7,8,9,0,1,2,3,4,5,6,7,8,9,0,1,2,3,4,5,6,7,8,9,0,1,2,3,4,5,6,7,8,9,0,1,2,3,4,5,6,7,8,9,0,1,2,3,4,5,6,7,8,9,0,1,2,3,4,5,6,7,8,9,0,1,2,3,4,5,6,7,8,9,0,1,2,3,4,5,6,7,8,9,0,1,2,3,4,5,6,7,8,9,0,1,2,3,4,5,6,7,8,9,0,1,2,3,4,5,6,7,8,9,0,1,2,3,4,5,6,7,8,9,0,1,2,3,4,5,6,7,8,9,0,1,2,3,4,5,6,7,8,9,0,1,2,3,4,5,6,7,8,9,0,1,2,3,4,5,6,7,8,9,0,1,2,3,4,5,6,7,8,9,0
0,6,0,0,0,0,0,6,6,6,6,6,0,0,0,0,0,6,6,6,6,6,0,0,0,0,0,6,6,6,6,6,0,0,0,0,0,6,6,6,6,6,0,0,0,0,0,6,6,6,6,6,0,0,0,0,0,6,6,6,6,6,0,0,0,0,0,6,6,6,6,6,0,0,0,0,0,6,6,6,6,6,0,0,0,0,0,6,6,6,6,6,0,0,0,0,0,6,6,6,6,6,0,0,0,0,0,6,6,6,6,6,0,0,0,0,0,6,6,6,6,6,0,0,0,0,0,6,6,6,6,6,0,0,0,0,0,6,6,6,6,6,0,0,0,0,0,6,6,6,6,6,0,0,0,0,0,6,6,6,6,6,0,0,0,0,0,6,6,6,6,6,0,0,0,0,0,6,6,6,6,6,0,0,0,0,0,6,6,6,6,6,0,0,0,0,0,6,6,6,6
0,0,0,6,6,6,6,6,0,0,0,0,0,6,6,6,6,6,0,0,0,0,0,6,6,6,6,6,0,0,0,0,0,6,6,6,6,6,0,0,0,0,0,6,6,6,6,6,0,0,0,0,0,6,6,6,6,6,0,0,0,0,0,6,6,6,6,6,0,0,0,0,0,6,6,6,6,6,0,0,0,0,0,6,6,6,6,6,0,0,0,0,0,6,6,6,6,6,0,0,0,0,0,6,6,6,6,6,0,0,0,0,0,6,6,6,6,6,0,0,0,0,0,6,6,6,6,6,0,0,0,0,0,6,6,6,6,6,0,0,0,0,0,6,6,6,6,6,0,0,0,0,0,6,6,6,6,6,0,0,0,0,0,6,6,6,6,6,0,0,0,0,0,6,6,6,6,6,0,0,0,0,0,6,6,6,6,6,0,0,0,0,0,6,6,6,6,6,0,0,0
0,6,6,6,6,0,0,0,0,0,6,6,6,6,6,0,0,0,0,0,6,6,6,6,6,0,0,0,0,0,6,6,6,6,6,0,0,0,0,0,6,6,6,6,6,0,0,0,0,0,6,6,6,6,6,0,0,0,0,0,6,6,6,6,6,0,0,0,0,0,6,6,6,6,6,0,0,0,0,0,6,6,6,6,6,0,0,0,0,0,6,6,6,6,6,0,0,0,0,0,6,6,6,6,6,0,0,0,0,0,6,6,6,6,6,0,0,0,0,0,6,6,6,6,6,0,0,0,0,0,6,6,6,6,6,0,0,0,0,0,6,6,6,6,6,0,0,0,0,0,6,6,6,6,6,0,0,0,0,0,6,6,6,6,6,0,0,0,0,0,6,6,6,6,6,0,0,0,0,0,6,6,6,6,6,0,0,0,0,0,6,6,6,6,6,0,0,0,0,0,6
0,0,0,0,0,6,6,6,6,6,0,0,0,0,0,6,6,6,6,6,0,0,0,0,0,6,6,6,6,6,0,0,0,0,0,6,6,6,6,6,0,0,0,0,0,6,6,6,6,6,0,0,0,0,0,6,6,6,6,6,0,0,0,0,0,6,6,6,6,6,0,0,0,0,0,6,6,6,6,6,0,0,0,0,0,6,6,6,6,6,0,0,0,0,0,6,6,6,6,6,0,0,0,0,0,6,6,6,6,6,0,0,0,0,0,6,6,6,6,6,0,0,0,0,0,6,6,6,6,6,0,0,0,0,0,6,6,6,6,6,0,0,0,0,0,6,6,6,6,6,0,0,0,0,0,6,6,6,6,6,0,0,0,0,0,6,6,6,6,6,0,0,0,0,0,6,6,6,6,6,0,0,0,0,0,6,6,6,6,6,0,0,0,0,0,6,6,6,6,6,0
0,6,6,6,6,6,0,0,0,0,0,6,6,6,6,6,0,0,0,0,0,6,6,6,6,6,0,0,0,0,0,6,6,6,6,6,0,0,0,0,0,6,6,6,6,6,0,0,0,0,0,6,6,6,6,6,0,0,0,0,0,6,6,6,6,6,0,0,0,0,0,6,6,6,6,6,0,0,0,0,0,6,6,6,6,6,0,0,0,0,0,6,6,6,6,6,0,0,0,0,0,6,6,6,6,6,0,0,0,0,0,6,6,6,6,6,0,0,0,0,0,6,6,6,6,6,0,0,0,0,0,6,6,6,6,6,0,0,0,0,0,6,6,6,6,6,0,0,0,0,0,6,6,6,6,6,0,0,0,0,0,6,6,6,6,6,0,0,0,0,0,6,6,6,6,6,0,0,0,0,0,6,6,6,6,6,0,0,0,0,0,6,6,6,6,6,0,0,0,0,0
0,0,0,6,6,6,6,6,0,0,0,0,0,6,6,6,6,6,0,0,0,0,0,6,6,6,6,6,0,0,0,0,0,6,6,6,6,6,0,0,0,0,0,6,6,6,6,6,0,0,0,0,0,6,6,6,6,6,0,0,0,0,0,6,6,6,6,6,0,0,0,0,0,6,6,6,6,6,0,0,0,0,0,6,6,6,6,6,0,0,0,0,0,6,6,6,6,6,0,0,0,0,0,6,6,6,6,6,0,0,0,0,0,6,6,6,6,6,0,0,0,0,0,6,6,6,6,6,0,0,0,0,0,6,6,6,6,6,0,0,0,0,0,6,6,6,6,6,0,0,0,0,0,6,6,6,6,6,0,0,0,0,0,6,6,6,6,6,0,0,0,0,0,6,6,6,6,6,0,0,0,0,0,6,6,6,6,6,0,0,0,0,0,6,6,6,6,6,0,0,0
2,8,9,0,1,2,3,4,5,6,7,8,9,0,1,2,3,4,5,6,7,8,9,0,1,2,3,4,5,6,7,8,9,0,1,2,3,4,5,6,7,8,9,0,1,2,3,4,5,6,7,8,9,0,1,2,3,4,5,6,7,8,9,0,1,2,3,4,5,6,7,8,9,0,1,2,3,4,5,6,7,8,9,0,1,2,3,4,5,6,7,8,9,0,1,2,3,4,5,6,7,8,9,0,1,2,3,4,5,6,7,8,9,0,1,2,3,4,5,6,7,8,9,0,1,2,3,4,5,6,7,8,9,0,1,2,3,4,5,6,7,8,9,0,1,2,3,4,5,6,7,8,9,0,1,2,3,4,5,6,7,8,9,0,1,2,3,4,5,6,7,8,9,0,1,2,3,4,5,6,7,8,9,0,1,2,3,4,5,6,7,8,9,0,1,2,3,4,5,6,7
0,6,6,6,6,6,0,0,0,0,0,6,6,6,6,6,0,0,0,0,0,6,6,6,6,6,0,0,0,0,0,6,6,6,6,6,0,0,0,0,0,6,6,6,6,6,0,0,0,0,0,6,6,6,6,6,0,0,0,0,0,6,6,6,6,6,0,0,0,0,0,6,6,6,6,6,0,0,0,0,0,6,6,6,6,6,0,0,0,0,0,6,6,6,6,6,0,0,0,0,0,6,6,6,6,6,0,0,0,0,0,6,6,6,6,6,0,0,0,0,0,6,6,6,6,6,0,0,0,0,0,6,6,6,6,6,0,0,0,0,0,6,6,6,6,6,0,0,0,0,0,6,6,6,6,6,0,0,0,0,0,6,6,6,6,6,0,0,0,0,0,6,6,6,6,6,0,0,0,0,0,6,6,6,6,6,0,0,0,0,0,6,6,6,6,6,0,0,0,0,0
0,6,6,0,0,0,0,0,6,6,6,6,6,0,0,0,0,0,6,6,6,6,6,0,0,0,0,0,6,6,6,6,6,0,0,0,0,0,6,6,6,6,6,0,0,0,0,0,6,6,6,6,6,0,0,0,0,0,6,6,6,6,6,0,0,0,0,0,6,6,6,6,6,0,0,0,0,0,6,6,6,6,6,0,0,0,0,0,6,6,6,6,6,0,0,0,0,0,6,6,6,6,6,0,0,0,0,0,6,6,6,6,6,0,0,0,0,0,6,6,6,6,6,0,0,0,0,0,6,6,6,6,6,0,0,0,0,0,6,6,6,6,6,0,0,0,0,0,6,6,6,6,6,0,0,0,0,0,6,6,6,6,6,0,0,0,0,0,6,6,6,6,6,0,0,0,0,0,6,6,6,6,6,0,0,0,0,0,6,6,6,6,6,0,0,0,0,0,6,6,6
2,7,8,9,0,1,2,3,4,5,6,7,8,9,0,1,2,3,4,5,6,7,8,9,0,1,2,3,4,5,6,7,8,9,0,1,2,3,4,5,6,7,8,9,0,1,2,3,4,5,6,7,8,9,0,1,2,3,4,5,6,7,8,9,0,1,2,3,4,5,6,7,8,9,0,1,2,3,4,5,6,7,8,9,0,1,2,3,4,5,6,7,8,9,0,1,2,3,4,5,6,7,8,9,0,1,2,3,4,5,6,7,8,9,0,1,2,3,4,5,6,7,8,9,0,1,2,3,4,5,6,7,8,9,0,1,2,3,4,5,6,7,8,9,0,1,2,3,4,5,6,7,8,9,0,1,2,3,4,5,6,7,8,9,0,1,2,3,4,5,6,7,8,9,0,1,2,3,4,5,6,7,8,9,0,1,2,3,4,5,6,7,8,9,0,1,2,3,4,5,6
0,6,6,6,6,6,0,0,0,0,0,6,6,6,6,6,0,0,0,0,0,6,6,6,6,6,0,0,0,0,0,6,6,6,6,6,0,0,0,0,0,6,6,6,6,6,0,0,0,0,0,6,6,6,6,6,0,0,0,0,0,6,6,6,6,6,0,0,0,0,0,6,6,6,6,6,0,0,0,0,0,6,6,6,6,6,0,0,0,0,0,6,6,6,6,6,0,0,0,0,0,6,6,6,6,6,0,0,0,0,0,6,6,6,6,6,0,0,0,0,0,6,6,6,6,6,0,0,0,0,0,6,6,6,6,6,0,0,0,0,0,6,6,6,6,6,0,0,0,0,0,6,6,6,6,6,0,0,0,0,0,6,6,6,6,6,0,0,0,0,0,6,6,6,6,6,0,0,0,0,0,6,6,6,6,6,0,0,0,0,0,6,6,6,6,6,0,0,0,0,0
1,5.82,-5.67,3.7,-0.53,-2.81,5.24,-5.99,4.81,-2.08,-1.32,4.29,-5.88,5.58,-3.48,0.27,3.04,-5.36,5.96,-4.64,1.83,1.57,-4.47,5.93,-5.48,3.26,0,-3.26,5.48,-5.93,4.47,-1.57,-1.83,4.64,-5.96,5.36,-3.04,-0.27,3.48,-5.58,5.88,-4.29,1.32,2.08,-4.81,5.99,-5.24,2.81,0.53,-3.7,5.67,-5.82,4.1,-1.06,-2.33,4.96,-6,5.11,-2.57,-0.79,3.9,-5.75,5.75,-3.9,0.79,2.57,-5.11,6,-4.96,2.33,1.06,-4.1,5.82,-5.67,3.7,-0.53,-2.81,5.24,-5.99,4.81,-2.08,-1.32,4.29,-5.88,5.58,-3.48,0.26,3.04,-5.36,5.96,-4.64,1.83,1.57,-4.47,5.93,-5.48,3.26,0,-3.26,5.48,-5.93,4.47,-1.57,-1.83,4.64,-5.96,5.36,-3.04,-0.27,3.48,-5.58,5.88,-4.29,1.32,2.08,-4.81,5.99,-5.24,2.81,0.53,-3.7,5.67,-5.82,4.1,-1.06,-2.33,4.96,-6,5.1,-2.57,-0.8,3.9,-5.75,5.75,-3.9,0.79,2.57,-5.11,6,-4.96,2.33,1.06,-4.1,5.82,-5.67,3.7,-0.53,-2.81,5.24,-5.99,4.81,-2.08,-1.32,4.29,-5.88,5.58,-3.48,0.26,3.04,-5.36,5.96,-4.64,1.83,1.58,-4.47,5.93,-5.48,3.26,0,-3.27,5.48,-5.93,4.47,-1.57,-1.83,4.64,-5.96,5.36,-3.04,-0.27,3.48,-5.58,5.88,-4.29,1.32,2.08,-4.81,5.99,-5.24,2.81,0.53,-3.7,5.67,-5.82,4.1,-1.06,-2.33,4.96,-6,5.1,-2.57
1,0.53,-3.7,5.67,-5.82,4.1,-1.06,-2.33,4.96,-6,5.11,-2.57,-0.79,3.9,-5.75,5.75,-3.9,0.79,2.57,-5.11,6,-4.96,2.33,1.06,-4.1,5.82,-5.67,3.7,-0.53,-2.81,5.24,-5.99,4.81,-2.08,-1.32,4.29,-5.88,5.58,-3.48,0.27,3.04,-5.36,5.96,-4.64,1.83,1.57,-4.47,5.93,-5.48,3.26,0,-3.26,5.48,-5.93,4.47,-1.57,-1.83,4.64,-5.96,5.36,-3.04,-0.27,3.48,-5.58,5.88,-4.29,1.32,2.08,-4.81,5.99,-5.24,2.81,0.53,-3.7,5.67,-5.82,4.1,-1.06,-2.33,4.96,-6,5.11,-2.57,-0.79,3.9,-5.75,5.75,-3.9,0.79,2.57,-5.11,6,-4.96,2.33,1.06,-4.1,5.82,-5.67,3.7,-0.53,-2.81,5.24,-5.99,4.81,-2.08,-1.32,4.29,-5.88,5.58,-3.48,0.26,3.04,-5.36,5.96,-4.64,1.83,1.57,-4.47,5.93,-5.48,3.26,0,-3.26,5.48,-5.93,4.47,-1.57,-1.83,4.64,-5.96,5.36,-3.04,-0.27,3.48,-5.58,5.88,-4.29,1.32,2.08,-4.81,5.99,-5.24,2.81,0.53,-3.7,5.67,-5.82,4.1,-1.06,-2.33,4.96,-6,5.1,-2.57,-0.8,3.9,-5.75,5.75,-3.9,0.79,2.57,-5.11,6,-4.96,2.33,1.06,-4.1,5.82,-5.67,3.7,-0.53,-2.81,5.24,-5.99,4.81,-2.08,-1.32,4.29,-5.88,5.58,-3.48,0.26,3.04,-5.36,5.96,-4.64,1.83,1.58,-4.47,5.93,-5.48,3.26,0,-3.27,5.48,-5.93,4.47,-1.57,-1.83,4.64,-5.96
2,3,4,5,6,7,8,9,0,1,2,3,4,5,6,7,8,9,0,1,2,3,4,5,6,7,8,9,0,1,2,3,4,5,6,7,8,9,0,1,2,3,4,5,6,7,8,9,0,1,2,3,4,5,6,7,8,9,0,1,2,3,4,5,6,7,8,9,0,1,2,3,4,5,6,7,8,9,0,1,2,3,4,5,6,7,8,9,0,1,2,3,4,5,6,7,8,9,0,1,2,3,4,5,6,7,8,9,0,1,2,3,4,5,6,7,8,9,0,1,2,3,4,5,6,7,8,9,0,1,2,3,4,5,6,7,8,9,0,1,2,3,4,5,6,7,8,9,0,1,2,3,4,5,6,7,8,9,0,1,2,3,4,5,6,7,8,9,0,1,2,3,4,5,6,7,8,9,0,1,2,3,4,5,6,7,8,9,0,1,2,3,4,5,6,7,8,9,0,1,2
1,-4.29,1.32,2.08,-4.81,5.99,-5.24,2.81,0.53,-3.7,5.67,-5.82,4.1,-1.06,-2.33,4.96,-6,5.11,-2.57,-0.79,3.9,-5.75,5.75,-3.9,0.79,2.57,-5.11,6,-4.96,2.33,1.06,-4.1,5.82,-5.67,3.7,-0.53,-2.81,5.24,-5.99,4.81,-2.08,-1.32,4.29,-5.88,5.58,-3.48,0.26,3.04,-5.36,5.96,-4.64,1.83,1.57,-4.47,5.93,-5.48,3.26,0,-3.26,5.48,-5.93,4.47,-1.57,-1.83,4.64,-5.96,5.36,-3.04,-0.27,3.48,-5.58,5.88,-4.29,1.32,2.08,-4.81,5.99,-5.24,2.81,0.53,-3.7,5.67,-5.82,4.1,-1.06,-2.33,4.96,-6,5.1,-2.57,-0.8,3.9,-5.75,5.75,-3.9,0.79,2.57,-5.11,6,-4.96,2.33,1.06,-4.1,5.82,-5.67,3.7,-0.53,-2.81,5.24,-5.99,4.81,-2.08,-1.32,4.29,-5.88,5.58,-3.48,0.26,3.04,-5.36,5.96,-4.64,1.83,1.58,-4.47,5.93,-5.48,3.26,0,-3.27,5.48,-5.93,4.47,-1.57,-1.83,4.64,-5.96,5.36,-3.04,-0.27,3.48,-5.58,5.88,-4.29,1.32,2.08,-4.81,5.99,-5.24,2.81,0.53,-3.7,5.67,-5.82,4.1,-1.06,-2.33,4.96,-6,5.1,-2.57,-0.8,3.9,-5.75,5.75,-3.9,0.79,2.57,-5.11,6,-4.96,2.33,1.06,-4.1,5.82,-5.67,3.7,-0.53,-2.81,5.24,-5.99,4.81,-2.08,-1.32,4.29,-5.88,5.58,-3.48,0.26,3.04,-5.36,5.96,-4.64,1.83,1.58,-4.47,5.93,-5.48,3.26,0,-3.27
0,0,0,0,0,6,6,6,6,6,0,0,0,0,0,6,6,6,6,6,0,0,0,0,0,6,6,6,6,6,0,0,0,0,0,6,6,6,6,6,0,0,0,0,0,6,6,6,6,6,0,0,0,0,0,6,6,6,6,6,0,0,0,0,0,6,6,6,6,6,0,0,0,0,0,6,6,6,6,6,0,0,0,0,0,6,6,6,6,6,0,0,0,0,0,6,6,6,6,6,0,0,0,0,0,6,6,6,6,6,0,0,0,0,0,6,6,6,6,6,0,0,0,0,0,6,6,6,6,6,0,0,0,0,0,6,6,6,6,6,0,0,0,0,0,6,6,6,6,6,0,0,0,0,0,6,6,6,6,6,0,0,0,0,0,6,6,6,6,6,0,0,0,0,0,6,6,6,6,6,0,0,0,0,0,6,6,6,6,6,0,0,0,0,0,6,6,6,6,6,0
0,0,0,0,0,0,6,6,6,6,6,0,0,0,0,0,6,6,6,6,6,0,0,0,0,0,6,6,6,6,6,0,0,0,0,0,6,6,6,6,6,0,0,0,0,0,6,6,6,6,6,0,0,0,0,0,6,6,6,6,6,0,0,0,0,0,6,6,6,6,6,0,0,0,0,0,6,6,6,6,6,0,0,0,0,0,6,6,6,6,6,0,0,0,0,0,6,6,6,6,6,0,0,0,0,0,6,6,6,6,6,0,0,0,0,0,6,6,6,6,6,0,0,0,0,0,6,6,6,6,6,0,0,0,0,0,6,6,6,6,6,0,0,0,0,0,6,6,6,6,6,0,0,0,0,0,6,6,6,6,6,0,0,0,0,0,6,6,6,6,6,0,0,0,0,0,6,6,6,6,6,0,0,0,0,0,6,6,6,6,6,0,0,0,0,0,6,6,6,6,6
1,1.32,2.08,-4.81,5.99,-5.24,2.81,0.53,-3.7,5.67,-5.82,4.1,-1.06,-2.33,4.96,-6,5.11,-2.57,-0.79,3.9,-5.75,5.75,-3.9,0.79,2.57,-5.11,6,-4.96,2.33,1.06,-4.1,5.82,-5.67,3.7,-0.53,-2.81,5.24,-5.99,4.81,-2.08,-1.32,4.29,-5.88,5.58,-3.48,0.26,3.04,-5.36,5.96,-4.64,1.83,1.57,-4.47,5.93,-5.48,3.26,0,-3.26,5.48,-5.93,4.47,-1.57,-1.83,4.64,-5.96,5.36,-3.04,-0.27,3.48,-5.58,5.88,-4.29,1.32,2.08,-4.81,5.99,-5.24,2.81,0.53,-3.7,5.67,-5.82,4.1,-1.06,-2.33,4.96,-6,5.1,-2.57,-0.8,3.9,-5.75,5.75,-3.9,0.79,2.57,-5.11,6,-4.96,2.33,1.06,-4.1,5.82,-5.67,3.7,-0.53,-2.81,5.24,-5.99,4.81,-2.08,-1.32,4.29,-5.88,5.58,-3.48,0.26,3.04,-5.36,5.96,-4.64,1.83,1.58,-4.47,5.93,-5.48,3.26,0,-3.27,5.48,-5.93,4.47,-1.57,-1.83,4.64,-5.96,5.36,-3.04,-0.27,3.48,-5.58,5.88,-4.29,1.32,2.08,-4.81,5.99,-5.24,2.81,0.53,-3.7,5.67,-5.82,4.1,-1.06,-2.33,4.96,-6,5.1,-2.57,-0.8,3.9,-5.75,5.75,-3.9,0.79,2.57,-5.11,6,-4.96,2.33,1.06,-4.1,5.82,-5.67,3.7,-0.53,-2.81,5.24,-5.99,4.81,-2.08,-1.32,4.29,-5.88,5.58,-3.48,0.26,3.04,-5.36,5.96,-4.64,1.83,1.58,-4.47,5.93,-5.48,3.26,0,-3.27,5.48
2,9,0,1,2,3,4,5,6,7,8,9,0,1,2,3,4,5,6,7,8,9,0,1,2,3,4,5,6,7,8,9,0,1,2,3,4,5,6,7,8,9,0,1,2,3,4,5,6,7,8,9,0,1,2,3,4,5,6,7,8,9,0,1,2,3,4,5,6,7,8,9,0,1,2,3,4,5,6,7,8,9,0,1,2,3,4,5,6,7,8,9,0,1,2,3,4,5,6,7,8,9,0,1,2,3,4,5,6,7,8,9,0,1,2,3,4,5,6,7,8,9,0,1,2,3,4,5,6,7,8,9,0,1,2,3,4,5,6,7,8,9,0,1,2,3,4,5,6,7,8,9,0,1,2,3,4,5,6,7,8,9,0,1,2,3,4,5,6,7,8,9,0,1,2,3,4,5,6,7,8,9,0,1,2,3,4,5,6,7,8,9,0,1,2,3,4,5,6,7,8
